{
  "version": 1,
  "description": "Rank-3 shared fiber bundle norm per square, per piece type. Static property of the chess rules.",
  "notebook_reference": "chess_spectral_research_notebook.md \u00a77",
  "piece_order": [
    "knight",
    "bishop",
    "rook",
    "queen",
    "king"
  ],
  "square_order": "row-major, a1 = index 0, h8 = index 63, (row, col) = (idx // 8, idx % 8)",
  "rook_is_identically_zero": true,
  "values": {
    "knight": [
      0.111269,
      0.117605,
      0.147542,
      0.15878,
      0.15878,
      0.147542,
      0.117605,
      0.111269,
      0.117605,
      0.129478,
      0.234741,
      0.257144,
      0.257144,
      0.234741,
      0.129478,
      0.117605,
      0.147542,
      0.234741,
      0.439416,
      0.469854,
      0.469854,
      0.439416,
      0.234741,
      0.147542,
      0.15878,
      0.257144,
      0.469854,
      0.57272,
      0.57272,
      0.469854,
      0.257144,
      0.15878,
      0.15878,
      0.257144,
      0.469854,
      0.57272,
      0.57272,
      0.469854,
      0.257144,
      0.15878,
      0.147542,
      0.234741,
      0.439416,
      0.469854,
      0.469854,
      0.439416,
      0.234741,
      0.147542,
      0.117605,
      0.129478,
      0.234741,
      0.257144,
      0.257144,
      0.234741,
      0.129478,
      0.117605,
      0.111269,
      0.117605,
      0.147542,
      0.15878,
      0.15878,
      0.147542,
      0.117605,
      0.111269
    ],
    "bishop": [
      0.365189,
      0.406239,
      0.281467,
      0.250673,
      0.250673,
      0.281467,
      0.406239,
      0.365189,
      0.406239,
      0.425345,
      0.318954,
      0.266255,
      0.266255,
      0.318954,
      0.425345,
      0.406239,
      0.281467,
      0.318954,
      0.537522,
      0.560491,
      0.560491,
      0.537522,
      0.318954,
      0.281467,
      0.250673,
      0.266255,
      0.560491,
      0.74837,
      0.74837,
      0.560491,
      0.266255,
      0.250673,
      0.250673,
      0.266255,
      0.560491,
      0.74837,
      0.74837,
      0.560491,
      0.266255,
      0.250673,
      0.281467,
      0.318954,
      0.537522,
      0.560491,
      0.560491,
      0.537522,
      0.318954,
      0.281467,
      0.406239,
      0.425345,
      0.318954,
      0.266255,
      0.266255,
      0.318954,
      0.425345,
      0.406239,
      0.365189,
      0.406239,
      0.281467,
      0.250673,
      0.250673,
      0.281467,
      0.406239,
      0.365189
    ],
    "rook": [
      0.0,
      0.0,
      0.0,
      0.0,
      0.0,
      0.0,
      0.0,
      0.0,
      0.0,
      0.0,
      0.0,
      0.0,
      0.0,
      0.0,
      0.0,
      0.0,
      0.0,
      0.0,
      0.0,
      0.0,
      0.0,
      0.0,
      0.0,
      0.0,
      0.0,
      0.0,
      0.0,
      0.0,
      0.0,
      0.0,
      0.0,
      0.0,
      0.0,
      0.0,
      0.0,
      0.0,
      0.0,
      0.0,
      0.0,
      0.0,
      0.0,
      0.0,
      0.0,
      0.0,
      0.0,
      0.0,
      0.0,
      0.0,
      0.0,
      0.0,
      0.0,
      0.0,
      0.0,
      0.0,
      0.0,
      0.0,
      0.0,
      0.0,
      0.0,
      0.0,
      0.0,
      0.0,
      0.0,
      0.0
    ],
    "queen": [
      0.365189,
      0.406239,
      0.281467,
      0.250673,
      0.250673,
      0.281467,
      0.406239,
      0.365189,
      0.406239,
      0.425345,
      0.318954,
      0.266255,
      0.266255,
      0.318954,
      0.425345,
      0.406239,
      0.281467,
      0.318954,
      0.537522,
      0.560491,
      0.560491,
      0.537522,
      0.318954,
      0.281467,
      0.250673,
      0.266255,
      0.560491,
      0.74837,
      0.74837,
      0.560491,
      0.266255,
      0.250673,
      0.250673,
      0.266255,
      0.560491,
      0.74837,
      0.74837,
      0.560491,
      0.266255,
      0.250673,
      0.281467,
      0.318954,
      0.537522,
      0.560491,
      0.560491,
      0.537522,
      0.318954,
      0.281467,
      0.406239,
      0.425345,
      0.318954,
      0.266255,
      0.266255,
      0.318954,
      0.425345,
      0.406239,
      0.365189,
      0.406239,
      0.281467,
      0.250673,
      0.250673,
      0.281467,
      0.406239,
      0.365189
    ],
    "king": [
      0.333269,
      0.255876,
      0.13421,
      0.129242,
      0.129242,
      0.13421,
      0.255876,
      0.333269,
      0.255876,
      0.40978,
      0.317456,
      0.318467,
      0.318467,
      0.317456,
      0.40978,
      0.255876,
      0.13421,
      0.317456,
      0.372622,
      0.389639,
      0.389639,
      0.372622,
      0.317456,
      0.13421,
      0.129242,
      0.318467,
      0.389639,
      0.410718,
      0.410718,
      0.389639,
      0.318467,
      0.129242,
      0.129242,
      0.318467,
      0.389639,
      0.410718,
      0.410718,
      0.389639,
      0.318467,
      0.129242,
      0.13421,
      0.317456,
      0.372622,
      0.389639,
      0.389639,
      0.372622,
      0.317456,
      0.13421,
      0.255876,
      0.40978,
      0.317456,
      0.318467,
      0.318467,
      0.317456,
      0.40978,
      0.255876,
      0.333269,
      0.255876,
      0.13421,
      0.129242,
      0.129242,
      0.13421,
      0.255876,
      0.333269
    ]
  },
  "ranges": {
    "knight": {
      "min": 0.111269,
      "max": 0.57272,
      "ratio": 5.1472
    },
    "bishop": {
      "min": 0.250673,
      "max": 0.74837,
      "ratio": 2.9854
    },
    "rook": {
      "min": 0.0,
      "max": 0.0,
      "ratio": null
    },
    "queen": {
      "min": 0.250673,
      "max": 0.74837,
      "ratio": 2.9854
    },
    "king": {
      "min": 0.129242,
      "max": 0.410718,
      "ratio": 3.1779
    }
  }
}
